125
10
214
328
415
165
266
402
412
417
141
420
8
448
64
326
181
37
133
173
14
362
293
86
401
292
2669
3659
2860
571
4885
912
3559
2567
3521
4232
1595
2014
3631
2685
2048
4543
3826
1561
1218
3470
2626
1293
3357
3685
1884
19597
16514
36480
18404
39857
32123
6937
32933
17026
31509
29064
10704
43649
6467
19450
9497
42786
10433
16483
35999
12930
24456
13709
21799
37985
134258
300758
193091
218407
234335
238385
401197
493610
431765
259265
135064
148614
149081
206590
383303
457790
432372
324078
59532
338422
327208
442682
175927
484892
222140
886777
4657872
4545963
1743643
2944069
4200062
2275696
775348
637291
2075917
1599976
1477254
1715232
587401
2066682
4447308
4285634
4732181
2804149
3185835
2187326
1057661
4262429
2971041
739256
